# Solution for 532
# z	Aerosol extinction
# 
7.500000000000e+00 8.000000000000e-04
2.250000000000e+01 8.000000000000e-04
3.750000000000e+01 8.000000000000e-04
5.250000000000e+01 8.000000000000e-04
6.750000000000e+01 8.000000000000e-04
8.250000000000e+01 8.000000000000e-04
9.750000000000e+01 8.000000000000e-04
1.125000000000e+02 8.000000000000e-04
1.275000000000e+02 8.000000000000e-04
1.425000000000e+02 8.000000000000e-04
1.575000000000e+02 8.000000000000e-04
1.725000000000e+02 8.000000000000e-04
1.875000000000e+02 8.000000000000e-04
2.025000000000e+02 8.000000000000e-04
2.175000000000e+02 8.000000000000e-04
2.325000000000e+02 8.000000000000e-04
2.475000000000e+02 8.000000000000e-04
2.625000000000e+02 8.000000000000e-04
2.775000000000e+02 8.000000000000e-04
2.925000000000e+02 8.000000000000e-04
3.075000000000e+02 8.000000000000e-04
3.225000000000e+02 8.000000000000e-04
3.375000000000e+02 8.000000000000e-04
3.525000000000e+02 8.000000000000e-04
3.675000000000e+02 8.000000000000e-04
3.825000000000e+02 8.000000000000e-04
3.975000000000e+02 8.000000000000e-04
4.125000000000e+02 8.000000000000e-04
4.275000000000e+02 8.000000000000e-04
4.425000000000e+02 8.000000000000e-04
4.575000000000e+02 8.000000000000e-04
4.725000000000e+02 8.000000000000e-04
4.875000000000e+02 8.000000000000e-04
5.025000000000e+02 8.000000000000e-04
5.175000000000e+02 8.000000000000e-04
5.325000000000e+02 8.000000000000e-04
5.475000000000e+02 8.000000000000e-04
5.625000000000e+02 8.000000000000e-04
5.775000000000e+02 8.000000000000e-04
5.925000000000e+02 8.000000000000e-04
6.075000000000e+02 8.000000000000e-04
6.225000000000e+02 8.000000000000e-04
6.375000000000e+02 8.000000000000e-04
6.525000000000e+02 8.000000000000e-04
6.675000000000e+02 8.000000000000e-04
6.825000000000e+02 8.000000000000e-04
6.975000000000e+02 8.000000000000e-04
7.125000000000e+02 8.000000000000e-04
7.275000000000e+02 8.000000000000e-04
7.425000000000e+02 8.000000000000e-04
7.575000000000e+02 8.000000000000e-04
7.725000000000e+02 8.000000000000e-04
7.875000000000e+02 8.000000000000e-04
8.025000000000e+02 8.000000000000e-04
8.175000000000e+02 8.000000000000e-04
8.325000000000e+02 8.000000000000e-04
8.475000000000e+02 8.000000000000e-04
8.625000000000e+02 8.000000000000e-04
8.775000000000e+02 8.000000000000e-04
8.925000000000e+02 8.000000000000e-04
9.075000000000e+02 8.000000000000e-04
9.225000000000e+02 8.000000000000e-04
9.375000000000e+02 8.000000000000e-04
9.525000000000e+02 8.000000000000e-04
9.675000000000e+02 8.000000000000e-04
9.825000000000e+02 8.000000000000e-04
9.975000000000e+02 8.000000000000e-04
1.012500000000e+03 8.000000000000e-04
1.027500000000e+03 8.000000000000e-04
1.042500000000e+03 8.000000000000e-04
1.057500000000e+03 8.000000000000e-04
1.072500000000e+03 8.000000000000e-04
1.087500000000e+03 8.000000000000e-04
1.102500000000e+03 8.000000000000e-04
1.117500000000e+03 8.000000000000e-04
1.132500000000e+03 8.000000000000e-04
1.147500000000e+03 8.000000000000e-04
1.162500000000e+03 8.000000000000e-04
1.177500000000e+03 8.000000000000e-04
1.192500000000e+03 8.000000000000e-04
1.207500000000e+03 8.000000000000e-04
1.222500000000e+03 8.000000000000e-04
1.237500000000e+03 8.000000000000e-04
1.252500000000e+03 8.000000000000e-04
1.267500000000e+03 8.000000000000e-04
1.282500000000e+03 8.000000000000e-04
1.297500000000e+03 8.000000000000e-04
1.312500000000e+03 8.000000000000e-04
1.327500000000e+03 8.000000000000e-04
1.342500000000e+03 8.000000000000e-04
1.357500000000e+03 8.000000000000e-04
1.372500000000e+03 8.000000000000e-04
1.387500000000e+03 8.000000000000e-04
1.402500000000e+03 8.000000000000e-04
1.417500000000e+03 8.000000000000e-04
1.432500000000e+03 8.000000000000e-04
1.447500000000e+03 8.000000000000e-04
1.462500000000e+03 8.000000000000e-04
1.477500000000e+03 8.000000000000e-04
1.492500000000e+03 8.000000000000e-04
1.507500000000e+03 7.300000000000e-04
1.522500000000e+03 7.300000000000e-04
1.537500000000e+03 7.300000000000e-04
1.552500000000e+03 7.300000000000e-04
1.567500000000e+03 7.300000000000e-04
1.582500000000e+03 7.300000000000e-04
1.597500000000e+03 7.300000000000e-04
1.612500000000e+03 7.300000000000e-04
1.627500000000e+03 7.300000000000e-04
1.642500000000e+03 7.300000000000e-04
1.657500000000e+03 7.300000000000e-04
1.672500000000e+03 7.300000000000e-04
1.687500000000e+03 7.300000000000e-04
1.702500000000e+03 7.300000000000e-04
1.717500000000e+03 7.300000000000e-04
1.732500000000e+03 7.300000000000e-04
1.747500000000e+03 7.300000000000e-04
1.762500000000e+03 6.100000000000e-04
1.777500000000e+03 6.100000000000e-04
1.792500000000e+03 6.100000000000e-04
1.807500000000e+03 6.100000000000e-04
1.822500000000e+03 6.100000000000e-04
1.837500000000e+03 6.100000000000e-04
1.852500000000e+03 6.100000000000e-04
1.867500000000e+03 6.100000000000e-04
1.882500000000e+03 6.100000000000e-04
1.897500000000e+03 6.100000000000e-04
1.912500000000e+03 6.100000000000e-04
1.927500000000e+03 6.100000000000e-04
1.942500000000e+03 6.100000000000e-04
1.957500000000e+03 6.100000000000e-04
1.972500000000e+03 6.100000000000e-04
1.987500000000e+03 6.100000000000e-04
2.002500000000e+03 4.200000000000e-04
2.017500000000e+03 4.200000000000e-04
2.032500000000e+03 4.200000000000e-04
2.047500000000e+03 4.200000000000e-04
2.062500000000e+03 4.200000000000e-04
2.077500000000e+03 4.200000000000e-04
2.092500000000e+03 4.200000000000e-04
2.107500000000e+03 4.200000000000e-04
2.122500000000e+03 4.200000000000e-04
2.137500000000e+03 4.200000000000e-04
2.152500000000e+03 4.200000000000e-04
2.167500000000e+03 4.200000000000e-04
2.182500000000e+03 4.200000000000e-04
2.197500000000e+03 4.200000000000e-04
2.212500000000e+03 4.200000000000e-04
2.227500000000e+03 4.200000000000e-04
2.242500000000e+03 4.200000000000e-04
2.257500000000e+03 1.700000000000e-04
2.272500000000e+03 1.700000000000e-04
2.287500000000e+03 1.700000000000e-04
2.302500000000e+03 1.700000000000e-04
2.317500000000e+03 1.700000000000e-04
2.332500000000e+03 1.700000000000e-04
2.347500000000e+03 1.700000000000e-04
2.362500000000e+03 1.700000000000e-04
2.377500000000e+03 1.700000000000e-04
2.392500000000e+03 1.700000000000e-04
2.407500000000e+03 1.700000000000e-04
2.422500000000e+03 1.700000000000e-04
2.437500000000e+03 1.700000000000e-04
2.452500000000e+03 1.700000000000e-04
2.467500000000e+03 1.700000000000e-04
2.482500000000e+03 1.700000000000e-04
2.497500000000e+03 1.700000000000e-04
2.512500000000e+03 1.400000000000e-05
2.527500000000e+03 1.600000000000e-07
2.542500000000e+03 1.600000000000e-07
2.557500000000e+03 1.600000000000e-07
2.572500000000e+03 1.600000000000e-07
2.587500000000e+03 1.600000000000e-07
2.602500000000e+03 1.600000000000e-07
2.617500000000e+03 1.600000000000e-07
2.632500000000e+03 1.600000000000e-07
2.647500000000e+03 1.600000000000e-07
2.662500000000e+03 1.600000000000e-07
2.677500000000e+03 1.600000000000e-07
2.692500000000e+03 1.600000000000e-07
2.707500000000e+03 1.600000000000e-07
2.722500000000e+03 1.600000000000e-07
2.737500000000e+03 1.600000000000e-07
2.752500000000e+03 1.000000000000e-07
2.767500000000e+03 1.000000000000e-07
2.782500000000e+03 1.000000000000e-07
2.797500000000e+03 1.000000000000e-07
2.812500000000e+03 1.000000000000e-07
2.827500000000e+03 1.000000000000e-07
2.842500000000e+03 1.000000000000e-07
2.857500000000e+03 1.000000000000e-07
2.872500000000e+03 1.000000000000e-07
2.887500000000e+03 1.000000000000e-07
2.902500000000e+03 1.000000000000e-07
2.917500000000e+03 1.000000000000e-07
2.932500000000e+03 1.000000000000e-07
2.947500000000e+03 1.000000000000e-07
2.962500000000e+03 1.000000000000e-07
2.977500000000e+03 1.000000000000e-07
2.992500000000e+03 1.000000000000e-07
3.007500000000e+03 1.000000000000e-07
3.022500000000e+03 1.000000000000e-07
3.037500000000e+03 1.000000000000e-07
3.052500000000e+03 1.000000000000e-07
3.067500000000e+03 1.000000000000e-07
3.082500000000e+03 1.000000000000e-07
3.097500000000e+03 1.000000000000e-07
3.112500000000e+03 1.000000000000e-07
3.127500000000e+03 1.000000000000e-07
3.142500000000e+03 1.000000000000e-07
3.157500000000e+03 1.000000000000e-07
3.172500000000e+03 1.000000000000e-07
3.187500000000e+03 1.000000000000e-07
3.202500000000e+03 1.000000000000e-07
3.217500000000e+03 1.000000000000e-07
3.232500000000e+03 1.000000000000e-07
3.247500000000e+03 1.000000000000e-07
3.262500000000e+03 1.000000000000e-07
3.277500000000e+03 1.000000000000e-07
3.292500000000e+03 1.000000000000e-07
3.307500000000e+03 1.000000000000e-07
3.322500000000e+03 1.000000000000e-07
3.337500000000e+03 1.000000000000e-07
3.352500000000e+03 1.000000000000e-07
3.367500000000e+03 1.000000000000e-07
3.382500000000e+03 1.000000000000e-07
3.397500000000e+03 1.000000000000e-07
3.412500000000e+03 1.000000000000e-07
3.427500000000e+03 1.000000000000e-07
3.442500000000e+03 1.000000000000e-07
3.457500000000e+03 1.000000000000e-07
3.472500000000e+03 1.000000000000e-07
3.487500000000e+03 1.000000000000e-07
3.502500000000e+03 1.000000000000e-07
3.517500000000e+03 1.000000000000e-07
3.532500000000e+03 1.000000000000e-07
3.547500000000e+03 1.000000000000e-07
3.562500000000e+03 1.000000000000e-07
3.577500000000e+03 1.000000000000e-07
3.592500000000e+03 1.000000000000e-07
3.607500000000e+03 1.000000000000e-07
3.622500000000e+03 1.000000000000e-07
3.637500000000e+03 1.000000000000e-07
3.652500000000e+03 1.000000000000e-07
3.667500000000e+03 1.000000000000e-07
3.682500000000e+03 1.000000000000e-07
3.697500000000e+03 1.000000000000e-07
3.712500000000e+03 1.000000000000e-07
3.727500000000e+03 1.000000000000e-07
3.742500000000e+03 1.000000000000e-07
3.757500000000e+03 1.000000000000e-07
3.772500000000e+03 1.000000000000e-07
3.787500000000e+03 1.000000000000e-07
3.802500000000e+03 1.000000000000e-07
3.817500000000e+03 1.000000000000e-07
3.832500000000e+03 1.000000000000e-07
3.847500000000e+03 1.000000000000e-07
3.862500000000e+03 1.000000000000e-07
3.877500000000e+03 1.000000000000e-07
3.892500000000e+03 1.000000000000e-07
3.907500000000e+03 1.000000000000e-07
3.922500000000e+03 1.000000000000e-07
3.937500000000e+03 1.000000000000e-07
3.952500000000e+03 1.000000000000e-07
3.967500000000e+03 1.000000000000e-07
3.982500000000e+03 1.000000000000e-07
3.997500000000e+03 1.000000000000e-07
4.012500000000e+03 1.000000000000e-07
4.027500000000e+03 1.000000000000e-07
4.042500000000e+03 1.000000000000e-07
4.057500000000e+03 1.000000000000e-07
4.072500000000e+03 1.000000000000e-07
4.087500000000e+03 1.000000000000e-07
4.102500000000e+03 1.000000000000e-07
4.117500000000e+03 1.000000000000e-07
4.132500000000e+03 1.000000000000e-07
4.147500000000e+03 1.000000000000e-07
4.162500000000e+03 1.000000000000e-07
4.177500000000e+03 1.000000000000e-07
4.192500000000e+03 1.000000000000e-07
4.207500000000e+03 1.000000000000e-07
4.222500000000e+03 1.000000000000e-07
4.237500000000e+03 1.000000000000e-07
4.252500000000e+03 1.000000000000e-07
4.267500000000e+03 1.000000000000e-07
4.282500000000e+03 1.000000000000e-07
4.297500000000e+03 1.000000000000e-07
4.312500000000e+03 1.000000000000e-07
4.327500000000e+03 1.000000000000e-07
4.342500000000e+03 1.000000000000e-07
4.357500000000e+03 1.000000000000e-07
4.372500000000e+03 1.000000000000e-07
4.387500000000e+03 1.000000000000e-07
4.402500000000e+03 1.000000000000e-07
4.417500000000e+03 1.000000000000e-07
4.432500000000e+03 1.000000000000e-07
4.447500000000e+03 1.000000000000e-07
4.462500000000e+03 1.000000000000e-07
4.477500000000e+03 1.000000000000e-07
4.492500000000e+03 1.000000000000e-07
4.507500000000e+03 1.000000000000e-07
4.522500000000e+03 1.000000000000e-07
4.537500000000e+03 1.000000000000e-07
4.552500000000e+03 1.000000000000e-07
4.567500000000e+03 1.000000000000e-07
4.582500000000e+03 1.000000000000e-07
4.597500000000e+03 1.000000000000e-07
4.612500000000e+03 1.000000000000e-07
4.627500000000e+03 1.000000000000e-07
4.642500000000e+03 1.000000000000e-07
4.657500000000e+03 1.000000000000e-07
4.672500000000e+03 1.000000000000e-07
4.687500000000e+03 1.000000000000e-07
4.702500000000e+03 1.000000000000e-07
4.717500000000e+03 1.000000000000e-07
4.732500000000e+03 1.000000000000e-07
4.747500000000e+03 1.000000000000e-07
4.762500000000e+03 1.000000000000e-07
4.777500000000e+03 1.000000000000e-07
4.792500000000e+03 1.000000000000e-07
4.807500000000e+03 1.000000000000e-07
4.822500000000e+03 1.000000000000e-07
4.837500000000e+03 1.000000000000e-07
4.852500000000e+03 1.000000000000e-07
4.867500000000e+03 1.000000000000e-07
4.882500000000e+03 1.000000000000e-07
4.897500000000e+03 1.000000000000e-07
4.912500000000e+03 1.000000000000e-07
4.927500000000e+03 1.000000000000e-07
4.942500000000e+03 1.000000000000e-07
4.957500000000e+03 1.000000000000e-07
4.972500000000e+03 1.000000000000e-07
4.987500000000e+03 1.000000000000e-07
5.002500000000e+03 1.000000000000e-07
5.017500000000e+03 1.000000000000e-07
5.032500000000e+03 1.000000000000e-07
5.047500000000e+03 1.000000000000e-07
5.062500000000e+03 1.000000000000e-07
5.077500000000e+03 1.000000000000e-07
5.092500000000e+03 1.000000000000e-07
5.107500000000e+03 1.000000000000e-07
5.122500000000e+03 1.000000000000e-07
5.137500000000e+03 1.000000000000e-07
5.152500000000e+03 1.000000000000e-07
5.167500000000e+03 1.000000000000e-07
5.182500000000e+03 1.000000000000e-07
5.197500000000e+03 1.000000000000e-07
5.212500000000e+03 1.000000000000e-07
5.227500000000e+03 1.000000000000e-07
5.242500000000e+03 1.000000000000e-07
5.257500000000e+03 1.000000000000e-07
5.272500000000e+03 1.000000000000e-07
5.287500000000e+03 1.000000000000e-07
5.302500000000e+03 1.000000000000e-07
5.317500000000e+03 1.000000000000e-07
5.332500000000e+03 1.000000000000e-07
5.347500000000e+03 1.000000000000e-07
5.362500000000e+03 1.000000000000e-07
5.377500000000e+03 1.000000000000e-07
5.392500000000e+03 1.000000000000e-07
5.407500000000e+03 1.000000000000e-07
5.422500000000e+03 1.000000000000e-07
5.437500000000e+03 1.000000000000e-07
5.452500000000e+03 1.000000000000e-07
5.467500000000e+03 1.000000000000e-07
5.482500000000e+03 1.000000000000e-07
5.497500000000e+03 1.000000000000e-07
5.512500000000e+03 3.300000000000e-08
5.527500000000e+03 3.300000000000e-08
5.542500000000e+03 3.300000000000e-08
5.557500000000e+03 3.300000000000e-08
5.572500000000e+03 3.300000000000e-08
5.587500000000e+03 3.300000000000e-08
5.602500000000e+03 3.300000000000e-08
5.617500000000e+03 3.300000000000e-08
5.632500000000e+03 3.300000000000e-08
5.647500000000e+03 3.300000000000e-08
5.662500000000e+03 3.300000000000e-08
5.677500000000e+03 3.300000000000e-08
5.692500000000e+03 3.300000000000e-08
5.707500000000e+03 3.300000000000e-08
5.722500000000e+03 3.300000000000e-08
5.737500000000e+03 3.300000000000e-08
5.752500000000e+03 3.300000000000e-08
5.767500000000e+03 3.300000000000e-08
5.782500000000e+03 3.300000000000e-08
5.797500000000e+03 3.300000000000e-08
5.812500000000e+03 3.300000000000e-08
5.827500000000e+03 3.300000000000e-08
5.842500000000e+03 3.300000000000e-08
5.857500000000e+03 3.300000000000e-08
5.872500000000e+03 3.300000000000e-08
5.887500000000e+03 3.300000000000e-08
5.902500000000e+03 3.300000000000e-08
5.917500000000e+03 3.300000000000e-08
5.932500000000e+03 3.300000000000e-08
5.947500000000e+03 3.300000000000e-08
5.962500000000e+03 3.300000000000e-08
5.977500000000e+03 3.300000000000e-08
5.992500000000e+03 3.300000000000e-08
6.007500000000e+03 3.300000000000e-08
6.022500000000e+03 3.300000000000e-08
6.037500000000e+03 3.300000000000e-08
6.052500000000e+03 3.300000000000e-08
6.067500000000e+03 3.300000000000e-08
6.082500000000e+03 3.300000000000e-08
6.097500000000e+03 3.300000000000e-08
6.112500000000e+03 3.300000000000e-08
6.127500000000e+03 3.300000000000e-08
6.142500000000e+03 3.300000000000e-08
6.157500000000e+03 3.300000000000e-08
6.172500000000e+03 3.300000000000e-08
6.187500000000e+03 3.300000000000e-08
6.202500000000e+03 3.300000000000e-08
6.217500000000e+03 3.300000000000e-08
6.232500000000e+03 3.300000000000e-08
6.247500000000e+03 3.300000000000e-08
6.262500000000e+03 3.300000000000e-08
6.277500000000e+03 3.300000000000e-08
6.292500000000e+03 3.300000000000e-08
6.307500000000e+03 3.300000000000e-08
6.322500000000e+03 3.300000000000e-08
6.337500000000e+03 3.300000000000e-08
6.352500000000e+03 3.300000000000e-08
6.367500000000e+03 3.300000000000e-08
6.382500000000e+03 3.300000000000e-08
6.397500000000e+03 3.300000000000e-08
6.412500000000e+03 3.300000000000e-08
6.427500000000e+03 3.300000000000e-08
6.442500000000e+03 3.300000000000e-08
6.457500000000e+03 3.300000000000e-08
6.472500000000e+03 3.300000000000e-08
6.487500000000e+03 3.300000000000e-08
6.502500000000e+03 3.300000000000e-08
6.517500000000e+03 3.300000000000e-08
6.532500000000e+03 3.300000000000e-08
6.547500000000e+03 3.300000000000e-08
6.562500000000e+03 3.300000000000e-08
6.577500000000e+03 3.300000000000e-08
6.592500000000e+03 3.300000000000e-08
6.607500000000e+03 3.300000000000e-08
6.622500000000e+03 3.300000000000e-08
6.637500000000e+03 3.300000000000e-08
6.652500000000e+03 3.300000000000e-08
6.667500000000e+03 3.300000000000e-08
6.682500000000e+03 3.300000000000e-08
6.697500000000e+03 3.300000000000e-08
6.712500000000e+03 3.300000000000e-08
6.727500000000e+03 3.300000000000e-08
6.742500000000e+03 3.300000000000e-08
6.757500000000e+03 3.300000000000e-08
6.772500000000e+03 3.300000000000e-08
6.787500000000e+03 3.300000000000e-08
6.802500000000e+03 3.300000000000e-08
6.817500000000e+03 3.300000000000e-08
6.832500000000e+03 3.300000000000e-08
6.847500000000e+03 3.300000000000e-08
6.862500000000e+03 3.300000000000e-08
6.877500000000e+03 3.300000000000e-08
6.892500000000e+03 3.300000000000e-08
6.907500000000e+03 3.300000000000e-08
6.922500000000e+03 3.300000000000e-08
6.937500000000e+03 3.300000000000e-08
6.952500000000e+03 3.300000000000e-08
6.967500000000e+03 3.300000000000e-08
6.982500000000e+03 3.300000000000e-08
6.997500000000e+03 3.300000000000e-08
7.012500000000e+03 3.300000000000e-08
7.027500000000e+03 3.300000000000e-08
7.042500000000e+03 3.300000000000e-08
7.057500000000e+03 3.300000000000e-08
7.072500000000e+03 3.300000000000e-08
7.087500000000e+03 3.300000000000e-08
7.102500000000e+03 3.300000000000e-08
7.117500000000e+03 3.300000000000e-08
7.132500000000e+03 3.300000000000e-08
7.147500000000e+03 3.300000000000e-08
7.162500000000e+03 3.300000000000e-08
7.177500000000e+03 3.300000000000e-08
7.192500000000e+03 3.300000000000e-08
7.207500000000e+03 3.300000000000e-08
7.222500000000e+03 3.300000000000e-08
7.237500000000e+03 3.300000000000e-08
7.252500000000e+03 3.300000000000e-08
7.267500000000e+03 3.300000000000e-08
7.282500000000e+03 3.300000000000e-08
7.297500000000e+03 3.300000000000e-08
7.312500000000e+03 3.300000000000e-08
7.327500000000e+03 3.300000000000e-08
7.342500000000e+03 3.300000000000e-08
7.357500000000e+03 3.300000000000e-08
7.372500000000e+03 3.300000000000e-08
7.387500000000e+03 3.300000000000e-08
7.402500000000e+03 3.300000000000e-08
7.417500000000e+03 3.300000000000e-08
7.432500000000e+03 3.300000000000e-08
7.447500000000e+03 3.300000000000e-08
7.462500000000e+03 3.300000000000e-08
7.477500000000e+03 3.300000000000e-08
7.492500000000e+03 3.300000000000e-08
7.507500000000e+03 3.300000000000e-08
7.522500000000e+03 3.300000000000e-08
7.537500000000e+03 3.300000000000e-08
7.552500000000e+03 3.300000000000e-08
7.567500000000e+03 3.300000000000e-08
7.582500000000e+03 3.300000000000e-08
7.597500000000e+03 3.300000000000e-08
7.612500000000e+03 3.300000000000e-08
7.627500000000e+03 3.300000000000e-08
7.642500000000e+03 3.300000000000e-08
7.657500000000e+03 3.300000000000e-08
7.672500000000e+03 3.300000000000e-08
7.687500000000e+03 3.300000000000e-08
7.702500000000e+03 3.300000000000e-08
7.717500000000e+03 3.300000000000e-08
7.732500000000e+03 3.300000000000e-08
7.747500000000e+03 3.300000000000e-08
7.762500000000e+03 3.300000000000e-08
7.777500000000e+03 3.300000000000e-08
7.792500000000e+03 3.300000000000e-08
7.807500000000e+03 3.300000000000e-08
7.822500000000e+03 3.300000000000e-08
7.837500000000e+03 3.300000000000e-08
7.852500000000e+03 3.300000000000e-08
7.867500000000e+03 3.300000000000e-08
7.882500000000e+03 3.300000000000e-08
7.897500000000e+03 3.300000000000e-08
7.912500000000e+03 3.300000000000e-08
7.927500000000e+03 3.300000000000e-08
7.942500000000e+03 3.300000000000e-08
7.957500000000e+03 3.300000000000e-08
7.972500000000e+03 3.300000000000e-08
7.987500000000e+03 3.300000000000e-08
8.002500000000e+03 3.300000000000e-08
8.017500000000e+03 3.300000000000e-08
8.032500000000e+03 3.300000000000e-08
8.047500000000e+03 3.300000000000e-08
8.062500000000e+03 3.300000000000e-08
8.077500000000e+03 3.300000000000e-08
8.092500000000e+03 3.300000000000e-08
8.107500000000e+03 3.300000000000e-08
8.122500000000e+03 3.300000000000e-08
8.137500000000e+03 3.300000000000e-08
8.152500000000e+03 3.300000000000e-08
8.167500000000e+03 3.300000000000e-08
8.182500000000e+03 3.300000000000e-08
8.197500000000e+03 3.300000000000e-08
8.212500000000e+03 3.300000000000e-08
8.227500000000e+03 3.300000000000e-08
8.242500000000e+03 3.300000000000e-08
8.257500000000e+03 3.300000000000e-08
8.272500000000e+03 3.300000000000e-08
8.287500000000e+03 3.300000000000e-08
8.302500000000e+03 3.300000000000e-08
8.317500000000e+03 3.300000000000e-08
8.332500000000e+03 3.300000000000e-08
8.347500000000e+03 3.300000000000e-08
8.362500000000e+03 3.300000000000e-08
8.377500000000e+03 3.300000000000e-08
8.392500000000e+03 3.300000000000e-08
8.407500000000e+03 3.300000000000e-08
8.422500000000e+03 3.300000000000e-08
8.437500000000e+03 3.300000000000e-08
8.452500000000e+03 3.300000000000e-08
8.467500000000e+03 3.300000000000e-08
8.482500000000e+03 3.300000000000e-08
8.497500000000e+03 3.300000000000e-08
8.512500000000e+03 3.300000000000e-08
8.527500000000e+03 3.300000000000e-08
8.542500000000e+03 3.300000000000e-08
8.557500000000e+03 3.300000000000e-08
8.572500000000e+03 3.300000000000e-08
8.587500000000e+03 3.300000000000e-08
8.602500000000e+03 3.300000000000e-08
8.617500000000e+03 3.300000000000e-08
8.632500000000e+03 3.300000000000e-08
8.647500000000e+03 3.300000000000e-08
8.662500000000e+03 3.300000000000e-08
8.677500000000e+03 3.300000000000e-08
8.692500000000e+03 3.300000000000e-08
8.707500000000e+03 3.300000000000e-08
8.722500000000e+03 3.300000000000e-08
8.737500000000e+03 3.300000000000e-08
8.752500000000e+03 3.300000000000e-08
8.767500000000e+03 3.300000000000e-08
8.782500000000e+03 3.300000000000e-08
8.797500000000e+03 3.300000000000e-08
8.812500000000e+03 3.300000000000e-08
8.827500000000e+03 3.300000000000e-08
8.842500000000e+03 3.300000000000e-08
8.857500000000e+03 3.300000000000e-08
8.872500000000e+03 3.300000000000e-08
8.887500000000e+03 3.300000000000e-08
8.902500000000e+03 3.300000000000e-08
8.917500000000e+03 3.300000000000e-08
8.932500000000e+03 3.300000000000e-08
8.947500000000e+03 3.300000000000e-08
8.962500000000e+03 3.300000000000e-08
8.977500000000e+03 3.300000000000e-08
8.992500000000e+03 3.300000000000e-08
9.007500000000e+03 1.000000000000e-08
9.022500000000e+03 1.000000000000e-08
9.037500000000e+03 1.000000000000e-08
9.052500000000e+03 1.000000000000e-08
9.067500000000e+03 1.000000000000e-08
9.082500000000e+03 1.000000000000e-08
9.097500000000e+03 1.000000000000e-08
9.112500000000e+03 1.000000000000e-08
9.127500000000e+03 1.000000000000e-08
9.142500000000e+03 1.000000000000e-08
9.157500000000e+03 1.000000000000e-08
9.172500000000e+03 1.000000000000e-08
9.187500000000e+03 1.000000000000e-08
9.202500000000e+03 1.000000000000e-08
9.217500000000e+03 1.000000000000e-08
9.232500000000e+03 1.000000000000e-08
9.247500000000e+03 1.000000000000e-08
9.262500000000e+03 1.000000000000e-08
9.277500000000e+03 1.000000000000e-08
9.292500000000e+03 1.000000000000e-08
9.307500000000e+03 1.000000000000e-08
9.322500000000e+03 1.000000000000e-08
9.337500000000e+03 1.000000000000e-08
9.352500000000e+03 1.000000000000e-08
9.367500000000e+03 1.000000000000e-08
9.382500000000e+03 1.000000000000e-08
9.397500000000e+03 1.000000000000e-08
9.412500000000e+03 1.000000000000e-08
9.427500000000e+03 1.000000000000e-08
9.442500000000e+03 1.000000000000e-08
9.457500000000e+03 1.000000000000e-08
9.472500000000e+03 1.000000000000e-08
9.487500000000e+03 1.000000000000e-08
9.502500000000e+03 1.000000000000e-08
9.517500000000e+03 1.000000000000e-08
9.532500000000e+03 1.000000000000e-08
9.547500000000e+03 1.000000000000e-08
9.562500000000e+03 1.000000000000e-08
9.577500000000e+03 1.000000000000e-08
9.592500000000e+03 1.000000000000e-08
9.607500000000e+03 1.000000000000e-08
9.622500000000e+03 1.000000000000e-08
9.637500000000e+03 1.000000000000e-08
9.652500000000e+03 1.000000000000e-08
9.667500000000e+03 1.000000000000e-08
9.682500000000e+03 1.000000000000e-08
9.697500000000e+03 1.000000000000e-08
9.712500000000e+03 1.000000000000e-08
9.727500000000e+03 1.000000000000e-08
9.742500000000e+03 1.000000000000e-08
9.757500000000e+03 1.000000000000e-08
9.772500000000e+03 1.000000000000e-08
9.787500000000e+03 1.000000000000e-08
9.802500000000e+03 1.000000000000e-08
9.817500000000e+03 1.000000000000e-08
9.832500000000e+03 1.000000000000e-08
9.847500000000e+03 1.000000000000e-08
9.862500000000e+03 1.000000000000e-08
9.877500000000e+03 1.000000000000e-08
9.892500000000e+03 1.000000000000e-08
9.907500000000e+03 1.000000000000e-08
9.922500000000e+03 1.000000000000e-08
9.937500000000e+03 1.000000000000e-08
9.952500000000e+03 1.000000000000e-08
9.967500000000e+03 1.000000000000e-08
9.982500000000e+03 1.000000000000e-08
9.997500000000e+03 1.000000000000e-08
1.001250000000e+04 1.000000000000e-08
1.002750000000e+04 1.000000000000e-08
1.004250000000e+04 1.000000000000e-08
1.005750000000e+04 1.000000000000e-08
1.007250000000e+04 1.000000000000e-08
1.008750000000e+04 1.000000000000e-08
1.010250000000e+04 1.000000000000e-08
1.011750000000e+04 1.000000000000e-08
1.013250000000e+04 1.000000000000e-08
1.014750000000e+04 1.000000000000e-08
1.016250000000e+04 1.000000000000e-08
1.017750000000e+04 1.000000000000e-08
1.019250000000e+04 1.000000000000e-08
1.020750000000e+04 1.000000000000e-08
1.022250000000e+04 1.000000000000e-08
1.023750000000e+04 1.000000000000e-08
1.025250000000e+04 1.000000000000e-08
1.026750000000e+04 1.000000000000e-08
1.028250000000e+04 1.000000000000e-08
1.029750000000e+04 1.000000000000e-08
1.031250000000e+04 1.000000000000e-08
1.032750000000e+04 1.000000000000e-08
1.034250000000e+04 1.000000000000e-08
1.035750000000e+04 1.000000000000e-08
1.037250000000e+04 1.000000000000e-08
1.038750000000e+04 1.000000000000e-08
1.040250000000e+04 1.000000000000e-08
1.041750000000e+04 1.000000000000e-08
1.043250000000e+04 1.000000000000e-08
1.044750000000e+04 1.000000000000e-08
1.046250000000e+04 1.000000000000e-08
1.047750000000e+04 1.000000000000e-08
1.049250000000e+04 1.000000000000e-08
1.050750000000e+04 1.000000000000e-08
1.052250000000e+04 1.000000000000e-08
1.053750000000e+04 1.000000000000e-08
1.055250000000e+04 1.000000000000e-08
1.056750000000e+04 1.000000000000e-08
1.058250000000e+04 1.000000000000e-08
1.059750000000e+04 1.000000000000e-08
1.061250000000e+04 1.000000000000e-08
1.062750000000e+04 1.000000000000e-08
1.064250000000e+04 1.000000000000e-08
1.065750000000e+04 1.000000000000e-08
1.067250000000e+04 1.000000000000e-08
1.068750000000e+04 1.000000000000e-08
1.070250000000e+04 1.000000000000e-08
1.071750000000e+04 1.000000000000e-08
1.073250000000e+04 1.000000000000e-08
1.074750000000e+04 1.000000000000e-08
1.076250000000e+04 1.000000000000e-08
1.077750000000e+04 1.000000000000e-08
1.079250000000e+04 1.000000000000e-08
1.080750000000e+04 1.000000000000e-08
1.082250000000e+04 1.000000000000e-08
1.083750000000e+04 1.000000000000e-08
1.085250000000e+04 1.000000000000e-08
1.086750000000e+04 1.000000000000e-08
1.088250000000e+04 1.000000000000e-08
1.089750000000e+04 1.000000000000e-08
1.091250000000e+04 1.000000000000e-08
1.092750000000e+04 1.000000000000e-08
1.094250000000e+04 1.000000000000e-08
1.095750000000e+04 1.000000000000e-08
1.097250000000e+04 1.000000000000e-08
1.098750000000e+04 1.000000000000e-08
1.100250000000e+04 1.000000000000e-08
1.101750000000e+04 1.000000000000e-08
1.103250000000e+04 1.000000000000e-08
1.104750000000e+04 1.000000000000e-08
1.106250000000e+04 1.000000000000e-08
1.107750000000e+04 1.000000000000e-08
1.109250000000e+04 1.000000000000e-08
1.110750000000e+04 1.000000000000e-08
1.112250000000e+04 1.000000000000e-08
1.113750000000e+04 1.000000000000e-08
1.115250000000e+04 1.000000000000e-08
1.116750000000e+04 1.000000000000e-08
1.118250000000e+04 1.000000000000e-08
1.119750000000e+04 1.000000000000e-08
1.121250000000e+04 1.000000000000e-08
1.122750000000e+04 1.000000000000e-08
1.124250000000e+04 1.000000000000e-08
1.125750000000e+04 1.000000000000e-08
1.127250000000e+04 1.000000000000e-08
1.128750000000e+04 1.000000000000e-08
1.130250000000e+04 1.000000000000e-08
1.131750000000e+04 1.000000000000e-08
1.133250000000e+04 1.000000000000e-08
1.134750000000e+04 1.000000000000e-08
1.136250000000e+04 1.000000000000e-08
1.137750000000e+04 1.000000000000e-08
1.139250000000e+04 1.000000000000e-08
1.140750000000e+04 1.000000000000e-08
1.142250000000e+04 1.000000000000e-08
1.143750000000e+04 1.000000000000e-08
1.145250000000e+04 1.000000000000e-08
1.146750000000e+04 1.000000000000e-08
1.148250000000e+04 1.000000000000e-08
1.149750000000e+04 1.000000000000e-08
1.151250000000e+04 1.000000000000e-08
1.152750000000e+04 1.000000000000e-08
1.154250000000e+04 1.000000000000e-08
1.155750000000e+04 1.000000000000e-08
1.157250000000e+04 1.000000000000e-08
1.158750000000e+04 1.000000000000e-08
1.160250000000e+04 1.000000000000e-08
1.161750000000e+04 1.000000000000e-08
1.163250000000e+04 1.000000000000e-08
1.164750000000e+04 1.000000000000e-08
1.166250000000e+04 1.000000000000e-08
1.167750000000e+04 1.000000000000e-08
1.169250000000e+04 1.000000000000e-08
1.170750000000e+04 1.000000000000e-08
1.172250000000e+04 1.000000000000e-08
1.173750000000e+04 1.000000000000e-08
1.175250000000e+04 1.000000000000e-08
1.176750000000e+04 1.000000000000e-08
1.178250000000e+04 1.000000000000e-08
1.179750000000e+04 1.000000000000e-08
1.181250000000e+04 1.000000000000e-08
1.182750000000e+04 1.000000000000e-08
1.184250000000e+04 1.000000000000e-08
1.185750000000e+04 1.000000000000e-08
1.187250000000e+04 1.000000000000e-08
1.188750000000e+04 1.000000000000e-08
1.190250000000e+04 1.000000000000e-08
1.191750000000e+04 1.000000000000e-08
1.193250000000e+04 1.000000000000e-08
1.194750000000e+04 1.000000000000e-08
1.196250000000e+04 1.000000000000e-08
1.197750000000e+04 1.000000000000e-08
1.199250000000e+04 1.000000000000e-08
1.200750000000e+04 1.000000000000e-08
1.202250000000e+04 1.000000000000e-08
1.203750000000e+04 1.000000000000e-08
1.205250000000e+04 1.000000000000e-08
1.206750000000e+04 1.000000000000e-08
1.208250000000e+04 1.000000000000e-08
1.209750000000e+04 1.000000000000e-08
1.211250000000e+04 1.000000000000e-08
1.212750000000e+04 1.000000000000e-08
1.214250000000e+04 1.000000000000e-08
1.215750000000e+04 1.000000000000e-08
1.217250000000e+04 1.000000000000e-08
1.218750000000e+04 1.000000000000e-08
1.220250000000e+04 1.000000000000e-08
1.221750000000e+04 1.000000000000e-08
1.223250000000e+04 1.000000000000e-08
1.224750000000e+04 1.000000000000e-08
1.226250000000e+04 1.000000000000e-08
1.227750000000e+04 1.000000000000e-08
1.229250000000e+04 1.000000000000e-08
1.230750000000e+04 1.000000000000e-08
1.232250000000e+04 1.000000000000e-08
1.233750000000e+04 1.000000000000e-08
1.235250000000e+04 1.000000000000e-08
1.236750000000e+04 1.000000000000e-08
1.238250000000e+04 1.000000000000e-08
1.239750000000e+04 1.000000000000e-08
1.241250000000e+04 1.000000000000e-08
1.242750000000e+04 1.000000000000e-08
1.244250000000e+04 1.000000000000e-08
1.245750000000e+04 1.000000000000e-08
1.247250000000e+04 1.000000000000e-08
1.248750000000e+04 1.000000000000e-08
1.250250000000e+04 1.000000000000e-08
1.251750000000e+04 1.000000000000e-08
1.253250000000e+04 1.000000000000e-08
1.254750000000e+04 1.000000000000e-08
1.256250000000e+04 1.000000000000e-08
1.257750000000e+04 1.000000000000e-08
1.259250000000e+04 1.000000000000e-08
1.260750000000e+04 1.000000000000e-08
1.262250000000e+04 1.000000000000e-08
1.263750000000e+04 1.000000000000e-08
1.265250000000e+04 1.000000000000e-08
1.266750000000e+04 1.000000000000e-08
1.268250000000e+04 1.000000000000e-08
1.269750000000e+04 1.000000000000e-08
1.271250000000e+04 1.000000000000e-08
1.272750000000e+04 1.000000000000e-08
1.274250000000e+04 1.000000000000e-08
1.275750000000e+04 1.000000000000e-08
1.277250000000e+04 1.000000000000e-08
1.278750000000e+04 1.000000000000e-08
1.280250000000e+04 1.000000000000e-08
1.281750000000e+04 1.000000000000e-08
1.283250000000e+04 1.000000000000e-08
1.284750000000e+04 1.000000000000e-08
1.286250000000e+04 1.000000000000e-08
1.287750000000e+04 1.000000000000e-08
1.289250000000e+04 1.000000000000e-08
1.290750000000e+04 1.000000000000e-08
1.292250000000e+04 1.000000000000e-08
1.293750000000e+04 1.000000000000e-08
1.295250000000e+04 1.000000000000e-08
1.296750000000e+04 1.000000000000e-08
1.298250000000e+04 1.000000000000e-08
1.299750000000e+04 1.000000000000e-08
1.301250000000e+04 1.000000000000e-08
1.302750000000e+04 1.000000000000e-08
1.304250000000e+04 1.000000000000e-08
1.305750000000e+04 1.000000000000e-08
1.307250000000e+04 1.000000000000e-08
1.308750000000e+04 1.000000000000e-08
1.310250000000e+04 1.000000000000e-08
1.311750000000e+04 1.000000000000e-08
1.313250000000e+04 1.000000000000e-08
1.314750000000e+04 1.000000000000e-08
1.316250000000e+04 1.000000000000e-08
1.317750000000e+04 1.000000000000e-08
1.319250000000e+04 1.000000000000e-08
1.320750000000e+04 1.000000000000e-08
1.322250000000e+04 1.000000000000e-08
1.323750000000e+04 1.000000000000e-08
1.325250000000e+04 1.000000000000e-08
1.326750000000e+04 1.000000000000e-08
1.328250000000e+04 1.000000000000e-08
1.329750000000e+04 1.000000000000e-08
1.331250000000e+04 1.000000000000e-08
1.332750000000e+04 1.000000000000e-08
1.334250000000e+04 1.000000000000e-08
1.335750000000e+04 1.000000000000e-08
1.337250000000e+04 1.000000000000e-08
1.338750000000e+04 1.000000000000e-08
1.340250000000e+04 1.000000000000e-08
1.341750000000e+04 1.000000000000e-08
1.343250000000e+04 1.000000000000e-08
1.344750000000e+04 1.000000000000e-08
1.346250000000e+04 1.000000000000e-08
1.347750000000e+04 1.000000000000e-08
1.349250000000e+04 1.000000000000e-08
1.350750000000e+04 1.000000000000e-08
1.352250000000e+04 1.000000000000e-08
1.353750000000e+04 1.000000000000e-08
1.355250000000e+04 1.000000000000e-08
1.356750000000e+04 1.000000000000e-08
1.358250000000e+04 1.000000000000e-08
1.359750000000e+04 1.000000000000e-08
1.361250000000e+04 1.000000000000e-08
1.362750000000e+04 1.000000000000e-08
1.364250000000e+04 1.000000000000e-08
1.365750000000e+04 1.000000000000e-08
1.367250000000e+04 1.000000000000e-08
1.368750000000e+04 1.000000000000e-08
1.370250000000e+04 1.000000000000e-08
1.371750000000e+04 1.000000000000e-08
1.373250000000e+04 1.000000000000e-08
1.374750000000e+04 1.000000000000e-08
1.376250000000e+04 1.000000000000e-08
1.377750000000e+04 1.000000000000e-08
1.379250000000e+04 1.000000000000e-08
1.380750000000e+04 1.000000000000e-08
1.382250000000e+04 1.000000000000e-08
1.383750000000e+04 1.000000000000e-08
1.385250000000e+04 1.000000000000e-08
1.386750000000e+04 1.000000000000e-08
1.388250000000e+04 1.000000000000e-08
1.389750000000e+04 1.000000000000e-08
1.391250000000e+04 1.000000000000e-08
1.392750000000e+04 1.000000000000e-08
1.394250000000e+04 1.000000000000e-08
1.395750000000e+04 1.000000000000e-08
1.397250000000e+04 1.000000000000e-08
1.398750000000e+04 1.000000000000e-08
1.400250000000e+04 1.000000000000e-08
1.401750000000e+04 1.000000000000e-08
1.403250000000e+04 1.000000000000e-08
1.404750000000e+04 1.000000000000e-08
1.406250000000e+04 1.000000000000e-08
1.407750000000e+04 1.000000000000e-08
1.409250000000e+04 1.000000000000e-08
1.410750000000e+04 1.000000000000e-08
1.412250000000e+04 1.000000000000e-08
1.413750000000e+04 1.000000000000e-08
1.415250000000e+04 1.000000000000e-08
1.416750000000e+04 1.000000000000e-08
1.418250000000e+04 1.000000000000e-08
1.419750000000e+04 1.000000000000e-08
1.421250000000e+04 1.000000000000e-08
1.422750000000e+04 1.000000000000e-08
1.424250000000e+04 1.000000000000e-08
1.425750000000e+04 1.000000000000e-08
1.427250000000e+04 1.000000000000e-08
1.428750000000e+04 1.000000000000e-08
1.430250000000e+04 1.000000000000e-08
1.431750000000e+04 1.000000000000e-08
1.433250000000e+04 1.000000000000e-08
1.434750000000e+04 1.000000000000e-08
1.436250000000e+04 1.000000000000e-08
1.437750000000e+04 1.000000000000e-08
1.439250000000e+04 1.000000000000e-08
1.440750000000e+04 1.000000000000e-08
1.442250000000e+04 1.000000000000e-08
1.443750000000e+04 1.000000000000e-08
1.445250000000e+04 1.000000000000e-08
1.446750000000e+04 1.000000000000e-08
1.448250000000e+04 1.000000000000e-08
1.449750000000e+04 1.000000000000e-08
1.451250000000e+04 1.000000000000e-08
1.452750000000e+04 1.000000000000e-08
1.454250000000e+04 1.000000000000e-08
1.455750000000e+04 1.000000000000e-08
1.457250000000e+04 1.000000000000e-08
1.458750000000e+04 1.000000000000e-08
1.460250000000e+04 1.000000000000e-08
1.461750000000e+04 1.000000000000e-08
1.463250000000e+04 1.000000000000e-08
1.464750000000e+04 1.000000000000e-08
1.466250000000e+04 1.000000000000e-08
1.467750000000e+04 1.000000000000e-08
1.469250000000e+04 1.000000000000e-08
1.470750000000e+04 1.000000000000e-08
1.472250000000e+04 1.000000000000e-08
1.473750000000e+04 1.000000000000e-08
1.475250000000e+04 1.000000000000e-08
1.476750000000e+04 1.000000000000e-08
1.478250000000e+04 1.000000000000e-08
1.479750000000e+04 1.000000000000e-08
1.481250000000e+04 1.000000000000e-08
1.482750000000e+04 1.000000000000e-08
1.484250000000e+04 1.000000000000e-08
1.485750000000e+04 1.000000000000e-08
1.487250000000e+04 1.000000000000e-08
1.488750000000e+04 1.000000000000e-08
1.490250000000e+04 1.000000000000e-08
1.491750000000e+04 1.000000000000e-08
1.493250000000e+04 1.000000000000e-08
1.494750000000e+04 1.000000000000e-08
1.496250000000e+04 1.000000000000e-08
1.497750000000e+04 1.000000000000e-08
1.499250000000e+04 1.000000000000e-08
1.500750000000e+04 1.000000000000e-08
1.502250000000e+04 1.000000000000e-08
1.503750000000e+04 1.000000000000e-08
1.505250000000e+04 1.000000000000e-08
1.506750000000e+04 1.000000000000e-08
