# Solution for 355
# z	Aerosol extinction
# 
7.50000000e+00 1.10000000e-03
2.25000000e+01 1.10000000e-03
3.75000000e+01 1.10000000e-03
5.25000000e+01 1.10000000e-03
6.75000000e+01 1.10000000e-03
8.25000000e+01 1.10000000e-03
9.75000000e+01 1.10000000e-03
1.12500000e+02 1.10000000e-03
1.27500000e+02 1.10000000e-03
1.42500000e+02 1.10000000e-03
1.57500000e+02 1.10000000e-03
1.72500000e+02 1.10000000e-03
1.87500000e+02 1.10000000e-03
2.02500000e+02 1.10000000e-03
2.17500000e+02 1.10000000e-03
2.32500000e+02 1.10000000e-03
2.47500000e+02 1.10000000e-03
2.62500000e+02 1.10000000e-03
2.77500000e+02 1.10000000e-03
2.92500000e+02 1.10000000e-03
3.07500000e+02 1.10000000e-03
3.22500000e+02 1.10000000e-03
3.37500000e+02 1.10000000e-03
3.52500000e+02 1.10000000e-03
3.67500000e+02 1.10000000e-03
3.82500000e+02 1.10000000e-03
3.97500000e+02 1.10000000e-03
4.12500000e+02 1.10000000e-03
4.27500000e+02 1.10000000e-03
4.42500000e+02 1.10000000e-03
4.57500000e+02 1.10000000e-03
4.72500000e+02 1.10000000e-03
4.87500000e+02 1.10000000e-03
5.02500000e+02 1.10000000e-03
5.17500000e+02 1.10000000e-03
5.32500000e+02 1.10000000e-03
5.47500000e+02 1.10000000e-03
5.62500000e+02 1.10000000e-03
5.77500000e+02 1.10000000e-03
5.92500000e+02 1.10000000e-03
6.07500000e+02 1.10000000e-03
6.22500000e+02 1.10000000e-03
6.37500000e+02 1.10000000e-03
6.52500000e+02 1.10000000e-03
6.67500000e+02 1.10000000e-03
6.82500000e+02 1.10000000e-03
6.97500000e+02 1.10000000e-03
7.12500000e+02 1.10000000e-03
7.27500000e+02 1.10000000e-03
7.42500000e+02 1.10000000e-03
7.57500000e+02 1.10000000e-03
7.72500000e+02 1.10000000e-03
7.87500000e+02 1.10000000e-03
8.02500000e+02 1.10000000e-03
8.17500000e+02 1.10000000e-03
8.32500000e+02 1.10000000e-03
8.47500000e+02 1.10000000e-03
8.62500000e+02 1.10000000e-03
8.77500000e+02 1.10000000e-03
8.92500000e+02 1.10000000e-03
9.07500000e+02 1.10000000e-03
9.22500000e+02 1.10000000e-03
9.37500000e+02 1.10000000e-03
9.52500000e+02 1.10000000e-03
9.67500000e+02 1.10000000e-03
9.82500000e+02 1.10000000e-03
9.97500000e+02 1.10000000e-03
1.01250000e+03 1.10000000e-03
1.02750000e+03 1.10000000e-03
1.04250000e+03 1.10000000e-03
1.05750000e+03 1.10000000e-03
1.07250000e+03 1.10000000e-03
1.08750000e+03 1.10000000e-03
1.10250000e+03 1.10000000e-03
1.11750000e+03 1.10000000e-03
1.13250000e+03 1.10000000e-03
1.14750000e+03 1.10000000e-03
1.16250000e+03 1.10000000e-03
1.17750000e+03 1.10000000e-03
1.19250000e+03 1.10000000e-03
1.20750000e+03 1.10000000e-03
1.22250000e+03 1.10000000e-03
1.23750000e+03 1.10000000e-03
1.25250000e+03 1.10000000e-03
1.26750000e+03 1.10000000e-03
1.28250000e+03 1.10000000e-03
1.29750000e+03 1.10000000e-03
1.31250000e+03 1.10000000e-03
1.32750000e+03 1.10000000e-03
1.34250000e+03 1.10000000e-03
1.35750000e+03 1.10000000e-03
1.37250000e+03 1.10000000e-03
1.38750000e+03 1.10000000e-03
1.40250000e+03 1.10000000e-03
1.41750000e+03 1.10000000e-03
1.43250000e+03 1.10000000e-03
1.44750000e+03 1.10000000e-03
1.46250000e+03 1.10000000e-03
1.47750000e+03 1.10000000e-03
1.49250000e+03 1.10000000e-03
1.50750000e+03 1.01000000e-03
1.52250000e+03 1.01000000e-03
1.53750000e+03 1.01000000e-03
1.55250000e+03 1.01000000e-03
1.56750000e+03 1.01000000e-03
1.58250000e+03 1.01000000e-03
1.59750000e+03 1.01000000e-03
1.61250000e+03 1.01000000e-03
1.62750000e+03 1.01000000e-03
1.64250000e+03 1.01000000e-03
1.65750000e+03 1.01000000e-03
1.67250000e+03 1.01000000e-03
1.68750000e+03 1.01000000e-03
1.70250000e+03 1.01000000e-03
1.71750000e+03 1.01000000e-03
1.73250000e+03 1.01000000e-03
1.74750000e+03 1.01000000e-03
1.76250000e+03 8.40000000e-04
1.77750000e+03 8.40000000e-04
1.79250000e+03 8.40000000e-04
1.80750000e+03 8.40000000e-04
1.82250000e+03 8.40000000e-04
1.83750000e+03 8.40000000e-04
1.85250000e+03 8.40000000e-04
1.86750000e+03 8.40000000e-04
1.88250000e+03 8.40000000e-04
1.89750000e+03 8.40000000e-04
1.91250000e+03 8.40000000e-04
1.92750000e+03 8.40000000e-04
1.94250000e+03 8.40000000e-04
1.95750000e+03 8.40000000e-04
1.97250000e+03 8.40000000e-04
1.98750000e+03 8.40000000e-04
2.00250000e+03 5.80000000e-04
2.01750000e+03 5.80000000e-04
2.03250000e+03 5.80000000e-04
2.04750000e+03 5.80000000e-04
2.06250000e+03 5.80000000e-04
2.07750000e+03 5.80000000e-04
2.09250000e+03 5.80000000e-04
2.10750000e+03 5.80000000e-04
2.12250000e+03 5.80000000e-04
2.13750000e+03 5.80000000e-04
2.15250000e+03 5.80000000e-04
2.16750000e+03 5.80000000e-04
2.18250000e+03 5.80000000e-04
2.19750000e+03 5.80000000e-04
2.21250000e+03 5.80000000e-04
2.22750000e+03 5.80000000e-04
2.24250000e+03 5.80000000e-04
2.25750000e+03 2.40000000e-04
2.27250000e+03 2.40000000e-04
2.28750000e+03 2.40000000e-04
2.30250000e+03 2.40000000e-04
2.31750000e+03 2.40000000e-04
2.33250000e+03 2.40000000e-04
2.34750000e+03 2.40000000e-04
2.36250000e+03 2.40000000e-04
2.37750000e+03 2.40000000e-04
2.39250000e+03 2.40000000e-04
2.40750000e+03 2.40000000e-04
2.42250000e+03 2.40000000e-04
2.43750000e+03 2.40000000e-04
2.45250000e+03 2.40000000e-04
2.46750000e+03 2.40000000e-04
2.48250000e+03 2.40000000e-04
2.49750000e+03 2.40000000e-04
2.51250000e+03 1.80000000e-07
2.52750000e+03 1.80000000e-07
2.54250000e+03 1.80000000e-07
2.55750000e+03 1.80000000e-07
2.57250000e+03 1.80000000e-07
2.58750000e+03 1.80000000e-07
2.60250000e+03 1.80000000e-07
2.61750000e+03 1.80000000e-07
2.63250000e+03 1.80000000e-07
2.64750000e+03 1.80000000e-07
2.66250000e+03 1.80000000e-07
2.67750000e+03 1.80000000e-07
2.69250000e+03 1.80000000e-07
2.70750000e+03 1.80000000e-07
2.72250000e+03 1.80000000e-07
2.73750000e+03 1.80000000e-07
2.75250000e+03 1.40000000e-07
2.76750000e+03 1.40000000e-07
2.78250000e+03 1.40000000e-07
2.79750000e+03 1.40000000e-07
2.81250000e+03 1.40000000e-07
2.82750000e+03 1.40000000e-07
2.84250000e+03 1.40000000e-07
2.85750000e+03 1.40000000e-07
2.87250000e+03 1.40000000e-07
2.88750000e+03 1.40000000e-07
2.90250000e+03 1.40000000e-07
2.91750000e+03 1.40000000e-07
2.93250000e+03 1.40000000e-07
2.94750000e+03 1.40000000e-07
2.96250000e+03 1.40000000e-07
2.97750000e+03 1.40000000e-07
2.99250000e+03 1.40000000e-07
3.00750000e+03 1.40000000e-07
3.02250000e+03 1.40000000e-07
3.03750000e+03 1.40000000e-07
3.05250000e+03 1.40000000e-07
3.06750000e+03 1.40000000e-07
3.08250000e+03 1.40000000e-07
3.09750000e+03 1.40000000e-07
3.11250000e+03 1.40000000e-07
3.12750000e+03 1.40000000e-07
3.14250000e+03 1.40000000e-07
3.15750000e+03 1.40000000e-07
3.17250000e+03 1.40000000e-07
3.18750000e+03 1.40000000e-07
3.20250000e+03 1.40000000e-07
3.21750000e+03 1.40000000e-07
3.23250000e+03 1.40000000e-07
3.24750000e+03 1.40000000e-07
3.26250000e+03 1.40000000e-07
3.27750000e+03 1.40000000e-07
3.29250000e+03 1.40000000e-07
3.30750000e+03 1.40000000e-07
3.32250000e+03 1.40000000e-07
3.33750000e+03 1.40000000e-07
3.35250000e+03 1.40000000e-07
3.36750000e+03 1.40000000e-07
3.38250000e+03 1.40000000e-07
3.39750000e+03 1.40000000e-07
3.41250000e+03 1.40000000e-07
3.42750000e+03 1.40000000e-07
3.44250000e+03 1.40000000e-07
3.45750000e+03 1.40000000e-07
3.47250000e+03 1.40000000e-07
3.48750000e+03 1.40000000e-07
3.50250000e+03 1.40000000e-07
3.51750000e+03 1.40000000e-07
3.53250000e+03 1.40000000e-07
3.54750000e+03 1.40000000e-07
3.56250000e+03 1.40000000e-07
3.57750000e+03 1.40000000e-07
3.59250000e+03 1.40000000e-07
3.60750000e+03 1.40000000e-07
3.62250000e+03 1.40000000e-07
3.63750000e+03 1.40000000e-07
3.65250000e+03 1.40000000e-07
3.66750000e+03 1.40000000e-07
3.68250000e+03 1.40000000e-07
3.69750000e+03 1.40000000e-07
3.71250000e+03 1.40000000e-07
3.72750000e+03 1.40000000e-07
3.74250000e+03 1.40000000e-07
3.75750000e+03 1.40000000e-07
3.77250000e+03 1.40000000e-07
3.78750000e+03 1.40000000e-07
3.80250000e+03 1.40000000e-07
3.81750000e+03 1.40000000e-07
3.83250000e+03 1.40000000e-07
3.84750000e+03 1.40000000e-07
3.86250000e+03 1.40000000e-07
3.87750000e+03 1.40000000e-07
3.89250000e+03 1.40000000e-07
3.90750000e+03 1.40000000e-07
3.92250000e+03 1.40000000e-07
3.93750000e+03 1.40000000e-07
3.95250000e+03 1.40000000e-07
3.96750000e+03 1.40000000e-07
3.98250000e+03 1.40000000e-07
3.99750000e+03 1.40000000e-07
4.01250000e+03 1.40000000e-07
4.02750000e+03 1.40000000e-07
4.04250000e+03 1.40000000e-07
4.05750000e+03 1.40000000e-07
4.07250000e+03 1.40000000e-07
4.08750000e+03 1.40000000e-07
4.10250000e+03 1.40000000e-07
4.11750000e+03 1.40000000e-07
4.13250000e+03 1.40000000e-07
4.14750000e+03 1.40000000e-07
4.16250000e+03 1.40000000e-07
4.17750000e+03 1.40000000e-07
4.19250000e+03 1.40000000e-07
4.20750000e+03 1.40000000e-07
4.22250000e+03 1.40000000e-07
4.23750000e+03 1.40000000e-07
4.25250000e+03 1.40000000e-07
4.26750000e+03 1.40000000e-07
4.28250000e+03 1.40000000e-07
4.29750000e+03 1.40000000e-07
4.31250000e+03 1.40000000e-07
4.32750000e+03 1.40000000e-07
4.34250000e+03 1.40000000e-07
4.35750000e+03 1.40000000e-07
4.37250000e+03 1.40000000e-07
4.38750000e+03 1.40000000e-07
4.40250000e+03 1.40000000e-07
4.41750000e+03 1.40000000e-07
4.43250000e+03 1.40000000e-07
4.44750000e+03 1.40000000e-07
4.46250000e+03 1.40000000e-07
4.47750000e+03 1.40000000e-07
4.49250000e+03 1.40000000e-07
4.50750000e+03 1.40000000e-07
4.52250000e+03 1.40000000e-07
4.53750000e+03 1.40000000e-07
4.55250000e+03 1.40000000e-07
4.56750000e+03 1.40000000e-07
4.58250000e+03 1.40000000e-07
4.59750000e+03 1.40000000e-07
4.61250000e+03 1.40000000e-07
4.62750000e+03 1.40000000e-07
4.64250000e+03 1.40000000e-07
4.65750000e+03 1.40000000e-07
4.67250000e+03 1.40000000e-07
4.68750000e+03 1.40000000e-07
4.70250000e+03 1.40000000e-07
4.71750000e+03 1.40000000e-07
4.73250000e+03 1.40000000e-07
4.74750000e+03 1.40000000e-07
4.76250000e+03 1.40000000e-07
4.77750000e+03 1.40000000e-07
4.79250000e+03 1.40000000e-07
4.80750000e+03 1.40000000e-07
4.82250000e+03 1.40000000e-07
4.83750000e+03 1.40000000e-07
4.85250000e+03 1.40000000e-07
4.86750000e+03 1.40000000e-07
4.88250000e+03 1.40000000e-07
4.89750000e+03 1.40000000e-07
4.91250000e+03 1.40000000e-07
4.92750000e+03 1.40000000e-07
4.94250000e+03 1.40000000e-07
4.95750000e+03 1.40000000e-07
4.97250000e+03 1.40000000e-07
4.98750000e+03 1.40000000e-07
5.00250000e+03 1.40000000e-07
5.01750000e+03 1.40000000e-07
5.03250000e+03 1.40000000e-07
5.04750000e+03 1.40000000e-07
5.06250000e+03 1.40000000e-07
5.07750000e+03 1.40000000e-07
5.09250000e+03 1.40000000e-07
5.10750000e+03 1.40000000e-07
5.12250000e+03 1.40000000e-07
5.13750000e+03 1.40000000e-07
5.15250000e+03 1.40000000e-07
5.16750000e+03 1.40000000e-07
5.18250000e+03 1.40000000e-07
5.19750000e+03 1.40000000e-07
5.21250000e+03 1.40000000e-07
5.22750000e+03 1.40000000e-07
5.24250000e+03 1.40000000e-07
5.25750000e+03 1.40000000e-07
5.27250000e+03 1.40000000e-07
5.28750000e+03 1.40000000e-07
5.30250000e+03 1.40000000e-07
5.31750000e+03 1.40000000e-07
5.33250000e+03 1.40000000e-07
5.34750000e+03 1.40000000e-07
5.36250000e+03 1.40000000e-07
5.37750000e+03 1.40000000e-07
5.39250000e+03 1.40000000e-07
5.40750000e+03 1.40000000e-07
5.42250000e+03 1.40000000e-07
5.43750000e+03 1.40000000e-07
5.45250000e+03 1.40000000e-07
5.46750000e+03 1.40000000e-07
5.48250000e+03 1.40000000e-07
5.49750000e+03 1.40000000e-07
5.51250000e+03 4.50000000e-08
5.52750000e+03 4.50000000e-08
5.54250000e+03 4.50000000e-08
5.55750000e+03 4.50000000e-08
5.57250000e+03 4.50000000e-08
5.58750000e+03 4.50000000e-08
5.60250000e+03 4.50000000e-08
5.61750000e+03 4.50000000e-08
5.63250000e+03 4.50000000e-08
5.64750000e+03 4.50000000e-08
5.66250000e+03 4.50000000e-08
5.67750000e+03 4.50000000e-08
5.69250000e+03 4.50000000e-08
5.70750000e+03 4.50000000e-08
5.72250000e+03 4.50000000e-08
5.73750000e+03 4.50000000e-08
5.75250000e+03 4.50000000e-08
5.76750000e+03 4.50000000e-08
5.78250000e+03 4.50000000e-08
5.79750000e+03 4.50000000e-08
5.81250000e+03 4.50000000e-08
5.82750000e+03 4.50000000e-08
5.84250000e+03 4.50000000e-08
5.85750000e+03 4.50000000e-08
5.87250000e+03 4.50000000e-08
5.88750000e+03 4.50000000e-08
5.90250000e+03 4.50000000e-08
5.91750000e+03 4.50000000e-08
5.93250000e+03 4.50000000e-08
5.94750000e+03 4.50000000e-08
5.96250000e+03 4.50000000e-08
5.97750000e+03 4.50000000e-08
5.99250000e+03 4.50000000e-08
6.00750000e+03 4.50000000e-08
6.02250000e+03 4.50000000e-08
6.03750000e+03 4.50000000e-08
6.05250000e+03 4.50000000e-08
6.06750000e+03 4.50000000e-08
6.08250000e+03 4.50000000e-08
6.09750000e+03 4.50000000e-08
6.11250000e+03 4.50000000e-08
6.12750000e+03 4.50000000e-08
6.14250000e+03 4.50000000e-08
6.15750000e+03 4.50000000e-08
6.17250000e+03 4.50000000e-08
6.18750000e+03 4.50000000e-08
6.20250000e+03 4.50000000e-08
6.21750000e+03 4.50000000e-08
6.23250000e+03 4.50000000e-08
6.24750000e+03 4.50000000e-08
6.26250000e+03 4.50000000e-08
6.27750000e+03 4.50000000e-08
6.29250000e+03 4.50000000e-08
6.30750000e+03 4.50000000e-08
6.32250000e+03 4.50000000e-08
6.33750000e+03 4.50000000e-08
6.35250000e+03 4.50000000e-08
6.36750000e+03 4.50000000e-08
6.38250000e+03 4.50000000e-08
6.39750000e+03 4.50000000e-08
6.41250000e+03 4.50000000e-08
6.42750000e+03 4.50000000e-08
6.44250000e+03 4.50000000e-08
6.45750000e+03 4.50000000e-08
6.47250000e+03 4.50000000e-08
6.48750000e+03 4.50000000e-08
6.50250000e+03 4.50000000e-08
6.51750000e+03 4.50000000e-08
6.53250000e+03 4.50000000e-08
6.54750000e+03 4.50000000e-08
6.56250000e+03 4.50000000e-08
6.57750000e+03 4.50000000e-08
6.59250000e+03 4.50000000e-08
6.60750000e+03 4.50000000e-08
6.62250000e+03 4.50000000e-08
6.63750000e+03 4.50000000e-08
6.65250000e+03 4.50000000e-08
6.66750000e+03 4.50000000e-08
6.68250000e+03 4.50000000e-08
6.69750000e+03 4.50000000e-08
6.71250000e+03 4.50000000e-08
6.72750000e+03 4.50000000e-08
6.74250000e+03 4.50000000e-08
6.75750000e+03 4.50000000e-08
6.77250000e+03 4.50000000e-08
6.78750000e+03 4.50000000e-08
6.80250000e+03 4.50000000e-08
6.81750000e+03 4.50000000e-08
6.83250000e+03 4.50000000e-08
6.84750000e+03 4.50000000e-08
6.86250000e+03 4.50000000e-08
6.87750000e+03 4.50000000e-08
6.89250000e+03 4.50000000e-08
6.90750000e+03 4.50000000e-08
6.92250000e+03 4.50000000e-08
6.93750000e+03 4.50000000e-08
6.95250000e+03 4.50000000e-08
6.96750000e+03 4.50000000e-08
6.98250000e+03 4.50000000e-08
6.99750000e+03 4.50000000e-08
7.01250000e+03 4.50000000e-08
7.02750000e+03 4.50000000e-08
7.04250000e+03 4.50000000e-08
7.05750000e+03 4.50000000e-08
7.07250000e+03 4.50000000e-08
7.08750000e+03 4.50000000e-08
7.10250000e+03 4.50000000e-08
7.11750000e+03 4.50000000e-08
7.13250000e+03 4.50000000e-08
7.14750000e+03 4.50000000e-08
7.16250000e+03 4.50000000e-08
7.17750000e+03 4.50000000e-08
7.19250000e+03 4.50000000e-08
7.20750000e+03 4.50000000e-08
7.22250000e+03 4.50000000e-08
7.23750000e+03 4.50000000e-08
7.25250000e+03 4.50000000e-08
7.26750000e+03 4.50000000e-08
7.28250000e+03 4.50000000e-08
7.29750000e+03 4.50000000e-08
7.31250000e+03 4.50000000e-08
7.32750000e+03 4.50000000e-08
7.34250000e+03 4.50000000e-08
7.35750000e+03 4.50000000e-08
7.37250000e+03 4.50000000e-08
7.38750000e+03 4.50000000e-08
7.40250000e+03 4.50000000e-08
7.41750000e+03 4.50000000e-08
7.43250000e+03 4.50000000e-08
7.44750000e+03 4.50000000e-08
7.46250000e+03 4.50000000e-08
7.47750000e+03 4.50000000e-08
7.49250000e+03 4.50000000e-08
7.50750000e+03 4.50000000e-08
7.52250000e+03 4.50000000e-08
7.53750000e+03 4.50000000e-08
7.55250000e+03 4.50000000e-08
7.56750000e+03 4.50000000e-08
7.58250000e+03 4.50000000e-08
7.59750000e+03 4.50000000e-08
7.61250000e+03 4.50000000e-08
7.62750000e+03 4.50000000e-08
7.64250000e+03 4.50000000e-08
7.65750000e+03 4.50000000e-08
7.67250000e+03 4.50000000e-08
7.68750000e+03 4.50000000e-08
7.70250000e+03 4.50000000e-08
7.71750000e+03 4.50000000e-08
7.73250000e+03 4.50000000e-08
7.74750000e+03 4.50000000e-08
7.76250000e+03 4.50000000e-08
7.77750000e+03 4.50000000e-08
7.79250000e+03 4.50000000e-08
7.80750000e+03 4.50000000e-08
7.82250000e+03 4.50000000e-08
7.83750000e+03 4.50000000e-08
7.85250000e+03 4.50000000e-08
7.86750000e+03 4.50000000e-08
7.88250000e+03 4.50000000e-08
7.89750000e+03 4.50000000e-08
7.91250000e+03 4.50000000e-08
7.92750000e+03 4.50000000e-08
7.94250000e+03 4.50000000e-08
7.95750000e+03 4.50000000e-08
7.97250000e+03 4.50000000e-08
7.98750000e+03 4.50000000e-08
8.00250000e+03 4.50000000e-08
8.01750000e+03 4.50000000e-08
8.03250000e+03 4.50000000e-08
8.04750000e+03 4.50000000e-08
8.06250000e+03 4.50000000e-08
8.07750000e+03 4.50000000e-08
8.09250000e+03 4.50000000e-08
8.10750000e+03 4.50000000e-08
8.12250000e+03 4.50000000e-08
8.13750000e+03 4.50000000e-08
8.15250000e+03 4.50000000e-08
8.16750000e+03 4.50000000e-08
8.18250000e+03 4.50000000e-08
8.19750000e+03 4.50000000e-08
8.21250000e+03 4.50000000e-08
8.22750000e+03 4.50000000e-08
8.24250000e+03 4.50000000e-08
8.25750000e+03 4.50000000e-08
8.27250000e+03 4.50000000e-08
8.28750000e+03 4.50000000e-08
8.30250000e+03 4.50000000e-08
8.31750000e+03 4.50000000e-08
8.33250000e+03 4.50000000e-08
8.34750000e+03 4.50000000e-08
8.36250000e+03 4.50000000e-08
8.37750000e+03 4.50000000e-08
8.39250000e+03 4.50000000e-08
8.40750000e+03 4.50000000e-08
8.42250000e+03 4.50000000e-08
8.43750000e+03 4.50000000e-08
8.45250000e+03 4.50000000e-08
8.46750000e+03 4.50000000e-08
8.48250000e+03 4.50000000e-08
8.49750000e+03 4.50000000e-08
8.51250000e+03 4.50000000e-08
8.52750000e+03 4.50000000e-08
8.54250000e+03 4.50000000e-08
8.55750000e+03 4.50000000e-08
8.57250000e+03 4.50000000e-08
8.58750000e+03 4.50000000e-08
8.60250000e+03 4.50000000e-08
8.61750000e+03 4.50000000e-08
8.63250000e+03 4.50000000e-08
8.64750000e+03 4.50000000e-08
8.66250000e+03 4.50000000e-08
8.67750000e+03 4.50000000e-08
8.69250000e+03 4.50000000e-08
8.70750000e+03 4.50000000e-08
8.72250000e+03 4.50000000e-08
8.73750000e+03 4.50000000e-08
8.75250000e+03 4.50000000e-08
8.76750000e+03 4.50000000e-08
8.78250000e+03 4.50000000e-08
8.79750000e+03 4.50000000e-08
8.81250000e+03 4.50000000e-08
8.82750000e+03 4.50000000e-08
8.84250000e+03 4.50000000e-08
8.85750000e+03 4.50000000e-08
8.87250000e+03 4.50000000e-08
8.88750000e+03 4.50000000e-08
8.90250000e+03 4.50000000e-08
8.91750000e+03 4.50000000e-08
8.93250000e+03 4.50000000e-08
8.94750000e+03 4.50000000e-08
8.96250000e+03 4.50000000e-08
8.97750000e+03 4.50000000e-08
8.99250000e+03 4.50000000e-08
9.00750000e+03 1.40000000e-08
9.02250000e+03 1.40000000e-08
9.03750000e+03 1.40000000e-08
9.05250000e+03 1.40000000e-08
9.06750000e+03 1.40000000e-08
9.08250000e+03 1.40000000e-08
9.09750000e+03 1.40000000e-08
9.11250000e+03 1.40000000e-08
9.12750000e+03 1.40000000e-08
9.14250000e+03 1.40000000e-08
9.15750000e+03 1.40000000e-08
9.17250000e+03 1.40000000e-08
9.18750000e+03 1.40000000e-08
9.20250000e+03 1.40000000e-08
9.21750000e+03 1.40000000e-08
9.23250000e+03 1.40000000e-08
9.24750000e+03 1.40000000e-08
9.26250000e+03 1.40000000e-08
9.27750000e+03 1.40000000e-08
9.29250000e+03 1.40000000e-08
9.30750000e+03 1.40000000e-08
9.32250000e+03 1.40000000e-08
9.33750000e+03 1.40000000e-08
9.35250000e+03 1.40000000e-08
9.36750000e+03 1.40000000e-08
9.38250000e+03 1.40000000e-08
9.39750000e+03 1.40000000e-08
9.41250000e+03 1.40000000e-08
9.42750000e+03 1.40000000e-08
9.44250000e+03 1.40000000e-08
9.45750000e+03 1.40000000e-08
9.47250000e+03 1.40000000e-08
9.48750000e+03 1.40000000e-08
9.50250000e+03 1.40000000e-08
9.51750000e+03 1.40000000e-08
9.53250000e+03 1.40000000e-08
9.54750000e+03 1.40000000e-08
9.56250000e+03 1.40000000e-08
9.57750000e+03 1.40000000e-08
9.59250000e+03 1.40000000e-08
9.60750000e+03 1.40000000e-08
9.62250000e+03 1.40000000e-08
9.63750000e+03 1.40000000e-08
9.65250000e+03 1.40000000e-08
9.66750000e+03 1.40000000e-08
9.68250000e+03 1.40000000e-08
9.69750000e+03 1.40000000e-08
9.71250000e+03 1.40000000e-08
9.72750000e+03 1.40000000e-08
9.74250000e+03 1.40000000e-08
9.75750000e+03 1.40000000e-08
9.77250000e+03 1.40000000e-08
9.78750000e+03 1.40000000e-08
9.80250000e+03 1.40000000e-08
9.81750000e+03 1.40000000e-08
9.83250000e+03 1.40000000e-08
9.84750000e+03 1.40000000e-08
9.86250000e+03 1.40000000e-08
9.87750000e+03 1.40000000e-08
9.89250000e+03 1.40000000e-08
9.90750000e+03 1.40000000e-08
9.92250000e+03 1.40000000e-08
9.93750000e+03 1.40000000e-08
9.95250000e+03 1.40000000e-08
9.96750000e+03 1.40000000e-08
9.98250000e+03 1.40000000e-08
9.99750000e+03 1.40000000e-08
1.00125000e+04 1.40000000e-08
1.00275000e+04 1.40000000e-08
1.00425000e+04 1.40000000e-08
1.00575000e+04 1.40000000e-08
1.00725000e+04 1.40000000e-08
1.00875000e+04 1.40000000e-08
1.01025000e+04 1.40000000e-08
1.01175000e+04 1.40000000e-08
1.01325000e+04 1.40000000e-08
1.01475000e+04 1.40000000e-08
1.01625000e+04 1.40000000e-08
1.01775000e+04 1.40000000e-08
1.01925000e+04 1.40000000e-08
1.02075000e+04 1.40000000e-08
1.02225000e+04 1.40000000e-08
1.02375000e+04 1.40000000e-08
1.02525000e+04 1.40000000e-08
1.02675000e+04 1.40000000e-08
1.02825000e+04 1.40000000e-08
1.02975000e+04 1.40000000e-08
1.03125000e+04 1.40000000e-08
1.03275000e+04 1.40000000e-08
1.03425000e+04 1.40000000e-08
1.03575000e+04 1.40000000e-08
1.03725000e+04 1.40000000e-08
1.03875000e+04 1.40000000e-08
1.04025000e+04 1.40000000e-08
1.04175000e+04 1.40000000e-08
1.04325000e+04 1.40000000e-08
1.04475000e+04 1.40000000e-08
1.04625000e+04 1.40000000e-08
1.04775000e+04 1.40000000e-08
1.04925000e+04 1.40000000e-08
1.05075000e+04 1.40000000e-08
1.05225000e+04 1.40000000e-08
1.05375000e+04 1.40000000e-08
1.05525000e+04 1.40000000e-08
1.05675000e+04 1.40000000e-08
1.05825000e+04 1.40000000e-08
1.05975000e+04 1.40000000e-08
1.06125000e+04 1.40000000e-08
1.06275000e+04 1.40000000e-08
1.06425000e+04 1.40000000e-08
1.06575000e+04 1.40000000e-08
1.06725000e+04 1.40000000e-08
1.06875000e+04 1.40000000e-08
1.07025000e+04 1.40000000e-08
1.07175000e+04 1.40000000e-08
1.07325000e+04 1.40000000e-08
1.07475000e+04 1.40000000e-08
1.07625000e+04 1.40000000e-08
1.07775000e+04 1.40000000e-08
1.07925000e+04 1.40000000e-08
1.08075000e+04 1.40000000e-08
1.08225000e+04 1.40000000e-08
1.08375000e+04 1.40000000e-08
1.08525000e+04 1.40000000e-08
1.08675000e+04 1.40000000e-08
1.08825000e+04 1.40000000e-08
1.08975000e+04 1.40000000e-08
1.09125000e+04 1.40000000e-08
1.09275000e+04 1.40000000e-08
1.09425000e+04 1.40000000e-08
1.09575000e+04 1.40000000e-08
1.09725000e+04 1.40000000e-08
1.09875000e+04 1.40000000e-08
1.10025000e+04 1.40000000e-08
1.10175000e+04 1.40000000e-08
1.10325000e+04 1.40000000e-08
1.10475000e+04 1.40000000e-08
1.10625000e+04 1.40000000e-08
1.10775000e+04 1.40000000e-08
1.10925000e+04 1.40000000e-08
1.11075000e+04 1.40000000e-08
1.11225000e+04 1.40000000e-08
1.11375000e+04 1.40000000e-08
1.11525000e+04 1.40000000e-08
1.11675000e+04 1.40000000e-08
1.11825000e+04 1.40000000e-08
1.11975000e+04 1.40000000e-08
1.12125000e+04 1.40000000e-08
1.12275000e+04 1.40000000e-08
1.12425000e+04 1.40000000e-08
1.12575000e+04 1.40000000e-08
1.12725000e+04 1.40000000e-08
1.12875000e+04 1.40000000e-08
1.13025000e+04 1.40000000e-08
1.13175000e+04 1.40000000e-08
1.13325000e+04 1.40000000e-08
1.13475000e+04 1.40000000e-08
1.13625000e+04 1.40000000e-08
1.13775000e+04 1.40000000e-08
1.13925000e+04 1.40000000e-08
1.14075000e+04 1.40000000e-08
1.14225000e+04 1.40000000e-08
1.14375000e+04 1.40000000e-08
1.14525000e+04 1.40000000e-08
1.14675000e+04 1.40000000e-08
1.14825000e+04 1.40000000e-08
1.14975000e+04 1.40000000e-08
1.15125000e+04 1.40000000e-08
1.15275000e+04 1.40000000e-08
1.15425000e+04 1.40000000e-08
1.15575000e+04 1.40000000e-08
1.15725000e+04 1.40000000e-08
1.15875000e+04 1.40000000e-08
1.16025000e+04 1.40000000e-08
1.16175000e+04 1.40000000e-08
1.16325000e+04 1.40000000e-08
1.16475000e+04 1.40000000e-08
1.16625000e+04 1.40000000e-08
1.16775000e+04 1.40000000e-08
1.16925000e+04 1.40000000e-08
1.17075000e+04 1.40000000e-08
1.17225000e+04 1.40000000e-08
1.17375000e+04 1.40000000e-08
1.17525000e+04 1.40000000e-08
1.17675000e+04 1.40000000e-08
1.17825000e+04 1.40000000e-08
1.17975000e+04 1.40000000e-08
1.18125000e+04 1.40000000e-08
1.18275000e+04 1.40000000e-08
1.18425000e+04 1.40000000e-08
1.18575000e+04 1.40000000e-08
1.18725000e+04 1.40000000e-08
1.18875000e+04 1.40000000e-08
1.19025000e+04 1.40000000e-08
1.19175000e+04 1.40000000e-08
1.19325000e+04 1.40000000e-08
1.19475000e+04 1.40000000e-08
1.19625000e+04 1.40000000e-08
1.19775000e+04 1.40000000e-08
1.19925000e+04 1.40000000e-08
1.20075000e+04 1.40000000e-08
1.20225000e+04 1.40000000e-08
1.20375000e+04 1.40000000e-08
1.20525000e+04 1.40000000e-08
1.20675000e+04 1.40000000e-08
1.20825000e+04 1.40000000e-08
1.20975000e+04 1.40000000e-08
1.21125000e+04 1.40000000e-08
1.21275000e+04 1.40000000e-08
1.21425000e+04 1.40000000e-08
1.21575000e+04 1.40000000e-08
1.21725000e+04 1.40000000e-08
1.21875000e+04 1.40000000e-08
1.22025000e+04 1.40000000e-08
1.22175000e+04 1.40000000e-08
1.22325000e+04 1.40000000e-08
1.22475000e+04 1.40000000e-08
1.22625000e+04 1.40000000e-08
1.22775000e+04 1.40000000e-08
1.22925000e+04 1.40000000e-08
1.23075000e+04 1.40000000e-08
1.23225000e+04 1.40000000e-08
1.23375000e+04 1.40000000e-08
1.23525000e+04 1.40000000e-08
1.23675000e+04 1.40000000e-08
1.23825000e+04 1.40000000e-08
1.23975000e+04 1.40000000e-08
1.24125000e+04 1.40000000e-08
1.24275000e+04 1.40000000e-08
1.24425000e+04 1.40000000e-08
1.24575000e+04 1.40000000e-08
1.24725000e+04 1.40000000e-08
1.24875000e+04 1.40000000e-08
1.25025000e+04 1.40000000e-08
1.25175000e+04 1.40000000e-08
1.25325000e+04 1.40000000e-08
1.25475000e+04 1.40000000e-08
1.25625000e+04 1.40000000e-08
1.25775000e+04 1.40000000e-08
1.25925000e+04 1.40000000e-08
1.26075000e+04 1.40000000e-08
1.26225000e+04 1.40000000e-08
1.26375000e+04 1.40000000e-08
1.26525000e+04 1.40000000e-08
1.26675000e+04 1.40000000e-08
1.26825000e+04 1.40000000e-08
1.26975000e+04 1.40000000e-08
1.27125000e+04 1.40000000e-08
1.27275000e+04 1.40000000e-08
1.27425000e+04 1.40000000e-08
1.27575000e+04 1.40000000e-08
1.27725000e+04 1.40000000e-08
1.27875000e+04 1.40000000e-08
1.28025000e+04 1.40000000e-08
1.28175000e+04 1.40000000e-08
1.28325000e+04 1.40000000e-08
1.28475000e+04 1.40000000e-08
1.28625000e+04 1.40000000e-08
1.28775000e+04 1.40000000e-08
1.28925000e+04 1.40000000e-08
1.29075000e+04 1.40000000e-08
1.29225000e+04 1.40000000e-08
1.29375000e+04 1.40000000e-08
1.29525000e+04 1.40000000e-08
1.29675000e+04 1.40000000e-08
1.29825000e+04 1.40000000e-08
1.29975000e+04 1.40000000e-08
1.30125000e+04 1.40000000e-08
1.30275000e+04 1.40000000e-08
1.30425000e+04 1.40000000e-08
1.30575000e+04 1.40000000e-08
1.30725000e+04 1.40000000e-08
1.30875000e+04 1.40000000e-08
1.31025000e+04 1.40000000e-08
1.31175000e+04 1.40000000e-08
1.31325000e+04 1.40000000e-08
1.31475000e+04 1.40000000e-08
1.31625000e+04 1.40000000e-08
1.31775000e+04 1.40000000e-08
1.31925000e+04 1.40000000e-08
1.32075000e+04 1.40000000e-08
1.32225000e+04 1.40000000e-08
1.32375000e+04 1.40000000e-08
1.32525000e+04 1.40000000e-08
1.32675000e+04 1.40000000e-08
1.32825000e+04 1.40000000e-08
1.32975000e+04 1.40000000e-08
1.33125000e+04 1.40000000e-08
1.33275000e+04 1.40000000e-08
1.33425000e+04 1.40000000e-08
1.33575000e+04 1.40000000e-08
1.33725000e+04 1.40000000e-08
1.33875000e+04 1.40000000e-08
1.34025000e+04 1.40000000e-08
1.34175000e+04 1.40000000e-08
1.34325000e+04 1.40000000e-08
1.34475000e+04 1.40000000e-08
1.34625000e+04 1.40000000e-08
1.34775000e+04 1.40000000e-08
1.34925000e+04 1.40000000e-08
1.35075000e+04 1.40000000e-08
1.35225000e+04 1.40000000e-08
1.35375000e+04 1.40000000e-08
1.35525000e+04 1.40000000e-08
1.35675000e+04 1.40000000e-08
1.35825000e+04 1.40000000e-08
1.35975000e+04 1.40000000e-08
1.36125000e+04 1.40000000e-08
1.36275000e+04 1.40000000e-08
1.36425000e+04 1.40000000e-08
1.36575000e+04 1.40000000e-08
1.36725000e+04 1.40000000e-08
1.36875000e+04 1.40000000e-08
1.37025000e+04 1.40000000e-08
1.37175000e+04 1.40000000e-08
1.37325000e+04 1.40000000e-08
1.37475000e+04 1.40000000e-08
1.37625000e+04 1.40000000e-08
1.37775000e+04 1.40000000e-08
1.37925000e+04 1.40000000e-08
1.38075000e+04 1.40000000e-08
1.38225000e+04 1.40000000e-08
1.38375000e+04 1.40000000e-08
1.38525000e+04 1.40000000e-08
1.38675000e+04 1.40000000e-08
1.38825000e+04 1.40000000e-08
1.38975000e+04 1.40000000e-08
1.39125000e+04 1.40000000e-08
1.39275000e+04 1.40000000e-08
1.39425000e+04 1.40000000e-08
1.39575000e+04 1.40000000e-08
1.39725000e+04 1.40000000e-08
1.39875000e+04 1.40000000e-08
1.40025000e+04 1.40000000e-08
1.40175000e+04 1.40000000e-08
1.40325000e+04 1.40000000e-08
1.40475000e+04 1.40000000e-08
1.40625000e+04 1.40000000e-08
1.40775000e+04 1.40000000e-08
1.40925000e+04 1.40000000e-08
1.41075000e+04 1.40000000e-08
1.41225000e+04 1.40000000e-08
1.41375000e+04 1.40000000e-08
1.41525000e+04 1.40000000e-08
1.41675000e+04 1.40000000e-08
1.41825000e+04 1.40000000e-08
1.41975000e+04 1.40000000e-08
1.42125000e+04 1.40000000e-08
1.42275000e+04 1.40000000e-08
1.42425000e+04 1.40000000e-08
1.42575000e+04 1.40000000e-08
1.42725000e+04 1.40000000e-08
1.42875000e+04 1.40000000e-08
1.43025000e+04 1.40000000e-08
1.43175000e+04 1.40000000e-08
1.43325000e+04 1.40000000e-08
1.43475000e+04 1.40000000e-08
1.43625000e+04 1.40000000e-08
1.43775000e+04 1.40000000e-08
1.43925000e+04 1.40000000e-08
1.44075000e+04 1.40000000e-08
1.44225000e+04 1.40000000e-08
1.44375000e+04 1.40000000e-08
1.44525000e+04 1.40000000e-08
1.44675000e+04 1.40000000e-08
1.44825000e+04 1.40000000e-08
1.44975000e+04 1.40000000e-08
1.45125000e+04 1.40000000e-08
1.45275000e+04 1.40000000e-08
1.45425000e+04 1.40000000e-08
1.45575000e+04 1.40000000e-08
1.45725000e+04 1.40000000e-08
1.45875000e+04 1.40000000e-08
1.46025000e+04 1.40000000e-08
1.46175000e+04 1.40000000e-08
1.46325000e+04 1.40000000e-08
1.46475000e+04 1.40000000e-08
1.46625000e+04 1.40000000e-08
1.46775000e+04 1.40000000e-08
1.46925000e+04 1.40000000e-08
1.47075000e+04 1.40000000e-08
1.47225000e+04 1.40000000e-08
1.47375000e+04 1.40000000e-08
1.47525000e+04 1.40000000e-08
1.47675000e+04 1.40000000e-08
1.47825000e+04 1.40000000e-08
1.47975000e+04 1.40000000e-08
1.48125000e+04 1.40000000e-08
1.48275000e+04 1.40000000e-08
1.48425000e+04 1.40000000e-08
1.48575000e+04 1.40000000e-08
1.48725000e+04 1.40000000e-08
1.48875000e+04 1.40000000e-08
1.49025000e+04 1.40000000e-08
1.49175000e+04 1.40000000e-08
1.49325000e+04 1.40000000e-08
1.49475000e+04 1.40000000e-08
1.49625000e+04 1.40000000e-08
1.49775000e+04 1.40000000e-08
1.49925000e+04 1.40000000e-08
1.50075000e+04 1.40000000e-08
1.50225000e+04 1.40000000e-08
1.50375000e+04 1.40000000e-08
1.50525000e+04 1.40000000e-08
1.50675000e+04 1.40000000e-08
